1 0.00101252 6469.46 13.9567
2 -200 -200 10.8631
3 3.06803e-05 0.12668 14.6542
4 0.24941 48.3051 14.2393
5 63.6772 110.772 19.0863
6 0.747907 10.329 45.8056
7 76.4041 126.181 22.1443
8 42.7832 95.9468 19.1639
9 32.0871 950.298 18.553
10 2512.43 3547.41 30.7981
11 59.1344 129.019 16.999
12 12400.1 56051 21.9165
13 31.1507 18552.7 17.4557
14 1269.3 8625.1 25.1024
15 113.108 6785.04 15.8168
16 365.314 869.166 20.8222
17 114.996 365.119 45.2803
18 21275.9 142911 18.0169
19 56.9063 10898.6 214.09
20 99.902 376.535 49.6167
21 271.462 310.977 39.0002
22 100 1445.63 54.0632
23 453.022 543.901 62.8381
24 513.058 607.969 56.4052
25 375.184 384.114 51.9259
26 200 2207.74 76.8467
27 426.569 457.577 85.6037
28 300 373.789 70.3805
29 392.608 683.185 71.1146
30 339.028 5296.41 238.611
1 1400.63 1400.63 10.7083
2 -200 -200 11.0119
3 0.000270398 0.000270398 10.7046
4 76.0512 76.0512 10.4827
5 193.52 193.52 10.6191
6 13.9879 13.9879 11.8521
7 181.168 181.168 11.0752
8 103.689 103.689 10.6461
9 178.268 178.268 10.8519
10 4076.02 4076.02 11.9541
11 241.077 241.077 10.4266
12 418423 418423 10.9953
13 3357.27 3357.27 11.1853
14 3035.95 3035.95 11.4059
15 5306.9 5306.9 10.4582
16 1188.42 1188.42 10.9707
17 418.896 418.896 11.9046
18 145075 145075 10.881
19 3279.52 3279.52 19.0164
20 438.919 438.919 12.3652
21 296.677 296.677 11.2008
22 3644.34 3644.34 12.6774
23 501.639 501.639 12.3541
24 678.172 678.172 11.5804
25 387.48 387.48 11.8919
26 1827.27 1827.27 13.0714
27 553.14 553.14 11.7326
28 415.75 415.75 13.2394
29 889.071 889.071 13.4419
30 30823.3 30823.3 18.5165
1 4585.33 4585.33 0.871051
2 -200 -200 0.772579
3 0.00665751 0.00665751 0.863475
4 62.3537 62.3537 0.857552
1 603.492 603.492 10.8871
2 -200 -200 10.4132
3 0.0124528 0.0124528 10.3521
4 126.32 126.32 10.2002
5 68.652 68.652 10.9068
6 7.64681 7.64681 11.3753
7 103.855 103.855 10.1569
8 84.5711 84.5711 10.7443
9 1506.9 1506.9 10.7201
10 3670.64 3670.64 11.6968
11 85.8109 85.8109 11.1927
12 155749 155749 12.0763
13 21459.1 21459.1 10.7226
14 1620.87 1620.87 11.3382
15 47875.9 47875.9 10.9346
16 787.523 787.523 11.1144
17 201.349 201.349 11.7311
18 100109 100109 12.5209
19 7673.42 7673.42 19.5439
20 321.984 321.984 13.5061
21 305.569 305.569 11.6742
22 100 100 12.9225
23 488.292 488.292 14.0626
24 580.28 580.28 11.8853
25 388.485 388.485 13.7698
26 200 200 13.92
27 574.604 574.604 12.6356
28 456.935 456.935 13.0433
29 799.662 799.662 13.5949
30 13466.6 13466.6 17.7746
