1 7.81201 18567.5 356.228
2 -200 -200 101.023
3 69309.6 105731 353.515
4 96.196 207.373 358.063
5 364.154 567.786 409.102
6 21.0791 40.7506 734.002
7 558.135 844.498 413.271
8 410.916 618.462 414.606
9 14661.2 19536.8 408.95
10 11373.7 13541.6 547.563
11 583.927 985.963 389.845
12 769970 3.17241e+06 461.4
13 2165.27 8050.97 389.588
14 74818.8 297224 500.704
15 450.604 5629.34 379.436
16 2752.23 3500.59 428.957
17 1899.86 3011.84 715.632
18 213616 792868 404.044
19 502.755 9712.3 2554.09
20 1753.86 2771.13 884.035
21 797.295 987.695 1064.36
22 12457.3 15151.4 1249.02
23 1231.28 1689.07 1537.36
24 1778.89 2029.82 1466.54
25 625.562 769.189 1637.65
26 9350.13 13498.1 1909.57
27 474.032 509.668 2263.25
28 495.082 548.507 2037.09
29 2391.04 3250.57 1403.99
30 708.082 8780.35 3241.51
1 1.45245e+10 1.45245e+10 114.782
2 -200 -200 107.57
3 90902 90902 109.454
4 438.455 438.455 109.785
5 536.809 536.809 110.152
6 52.4837 52.4837 120.364
7 723.658 723.658 109.554
8 733.1 733.1 111.961
9 18117.1 18117.1 109.206
