1 7.52449 5288.21 54.7196
2 -200 -200 26.6746
3 1385.49 3717.09 53.128
4 16.7118 64.2121 54.2239
5 127.354 223.234 66.7988
6 7.60306 24.368 143.533
7 134.139 264.561 77.5022
8 152.228 236.036 66.4858
9 1270.83 6525.85 63.4272
10 4087.56 6006.59 98.052
11 92.5825 195.011 58.4683
12 91116.2 631482 76.1176
13 161.347 10453.8 60.1319
14 3902.45 47520.9 85.7258
15 197.378 4133.31 56.4825
16 993.702 1580.47 69.4561
17 688.663 1292.34 141.36
18 51289.1 258975 64.8213
19 240.289 13589.3 617.658
20 387.796 915.321 155.696
21 356.486 429.495 150.663
22 100 6610.95 198.172
23 619.293 788.678 226.192
24 700.492 917.345 210.603
25 431.166 467.484 211.01
26 300 4157.83 281.475
27 434.657 465.882 337.081
28 438.449 455.289 271.588
29 633.519 1250.57 234.124
30 439.44 3772.2 691.496
