1 10.6975 2663.3 1.28842
2 -200 -200 1.53059
3 0 0 1.63982
4 0.262602 3.65654 1.49317
5 3.97984 15.0472 2.05098
6 0 0.348961 4.5607
7 12.8543 20.1871 2.52391
8 2.98488 12.5043 2.14479
9 0 0.0665444 2.20429
10 133.683 555.673 3.6115
11 2.98984 12.0711 1.99419
12 1123.31 288651 2.40398
13 123.423 6019.8 2.26456
14 14.3324 49.6302 2.84024
15 9.72046 58.6099 1.96352
16 0.936689 189.531 2.31286
17 11.2567 55.0626 5.25946
18 175.643 4918.63 1.96904
19 4.05927 65.2978 23.8131
20 5.28696 37.2149 5.27716
21 0 166.122 3.59842
22 11.5631 98.0419 5.54774
23 307.18 321.273 6.66249
24 100 336.012 5.33099
25 100.06 409.664 4.51423
26 200 328.892 7.04765
27 390.128 408.251 8.00174
28 300 427.175 5.85635
29 254.668 299.476 8.28752
30 717.923 254132 26.6595
1 1.98897e+09 1.04332e+10 1.81896
1 1.32031e+07 4.98606e+08 1.80308
1 4.54758e+06 3.09114e+08 2.04773
1 2.64206 1574.43 1.31743
1 -100 -100 8.22946
2 -1100 -1100 8.90118
1 1.3213e-112 333.333 2.67076
2 0.312272 83.0561 6.37318
3 2.98488 12.8667 4.35284
1 3.38079e-112 2.19089e-103 2.75561
2 0.249818 99.551 6.32739
3 0.994959 11.4449 4.24289
4 0.290809 0.650559 3.72466
5 1.2031 161.453 4.81808
6 0.0318789 2.39211 4.52913
7 0.313988 60.3338 4.35909
8 0 27.7797 9.93741
9 1.32848e-47 8.58572e-15 8.3662
10 48.0396 50.3924 9.08263
1 128.721 2804.64 2.53132
2 1118.53 1357.42 6.47185
3 712.125 719.784 4.29676
4 1900.37 1901.47 3.74048
5 1924.01 3466.94 4.86181
6 1601.05 1764.62 4.66651
7 2100.42 2270.06 4.56635
8 2235.3 2299.78 10.9696
9 2500 2711.88 10.5158
10 2600.02 2913.31 9.26052
